resultsPath <- "../output/output.csv"

# y-axis scaling
scaleDivisor <- 10**6

# output folder
rootPath <- c("../diagrams/")

# plot settings
pointSize = 3
lineSize = 1
yLabel <- "Time (ms)"
yAxis <- "Log10"

labels <- list("1" = "1\n ", 
               "2" = "2\n ", 
               "4" = "4\n ", 
               "8" = "8\n ",
               "16"= "16\n ",
               "32"= "32\n ",
               "64" = "64\n ",
               "128" = "128\n ",
               "256" = "256\n ",
               "512" = "512\n ",
               "1024" = "1024\n ",
               "2048" = "2048\n ",
               "4096" = "4096\n ",
               "8192" = "8192\n ",
               "16384" = "16384\n "
               )
